//maximumSize : 35 * 35
0 = empty
1 = player
2 = hole
3 = player&hole
4 = stone
6 = stone&hole
7 = wall

#0
<
77777
71427
77777
>

#1
<
00077700
00072700
77770700
72404777
77714027
00747777
00727000
00777000
>

#2
<
007770000
007270000
007070000
777477000
720417777
777744027
000707777
000727000
000777000
>

#3
<
777777
727707
700007
707407
707077
701007
777777
>

#4
<
77770000
70070000
70077777
70000007
77127407
70007007
70007777
77777000
>

#5
<
00777770
77700070
70407077
70700207
70000707
77070007
07100777
07777700
>

#6
<
77777777
70000027
70000407
77077777
70100007
70000007
77777007
00007777
>

#7
<
000077770
000070070
000070070
000070070
777777070
700000070
700070270
777770777
000070717
000070707
000074707
000070007
000077777
>

#8
<
00007777
77777007
70004007
70027007
77077077
70000007
70170007
70077777
77770000
>

#9
<
777700777770000
700777700070000
700000001077777
700770074770007
700000770200007
777770777707777
700000000007000
700077770007000
777770077777000
>

#10
<
000077700
777772777
727724627
700404027
726662407
720044447
777720417
000777777
>

#11
<
77777777
70000007
70466207
70606607
70600607
70600607
70266407
70000017
77777777
>

#12
<
77777777777
70000006027
70000006007
76666664667
70000006007
70000006017
77777777777
>

#13
<
777777777
720040027
702040207
700342007
744464447
700242007
702040207
720040027
777777777
>

#14
<
7777777777777
7222222222227
7040040040407
7474774474747
7070240040127
7000000000007
7777777777777
>

#15
<
000777000
000727000
000727000
000727000
007222700
007222700
007222700
007000700
007404700
070040070
070404070
074040470
070404070
704040407
710000007
777777777
>

#16
<
77777000000000000
70007777777000000
72666000007000000
70006074707777777
70007006007000007
77777074706000007
00007000006666637
00007777777000007
00000000007777777
>

#17
<
77777777777
70007000017
70004464647
70247072627
77707070007
00707277777
77707070007
70207072627
70004024647
70007000007
77777777777
>

#18
<
07777777777777770
70002000200020007
70747474747474767
70202020102020207
70747474747474707
70002000200020007
07777777777777770
>

#19
<
00777770007777700
07000007070000070
70066600700666007
70600060706000607
70603060006060607
70600060706000607
70066600700666007
07000007070000070
00777770007707700
07000007070000070
70066600700666007
70600060706000607
70604060006060607
70600060706000607
70066600700666007
07000007070000070
00777770007777700
>